     0/249     3.51G   0.08731   0.01987    0.0364    0.1436        35       640    0.3333  0.002252    0.1444   0.05538   0.05047   0.01679   0.03503
     1/249     3.51G   0.05323   0.01401   0.03457    0.1018        42       640    0.2495    0.4918    0.2635    0.1501   0.04282   0.01124   0.03398
     2/249     3.51G   0.04621   0.01062   0.03382   0.09065        32       640    0.2608    0.8606    0.3059    0.2119   0.03627  0.008455   0.03323
     3/249     3.51G   0.04218  0.008681   0.03296   0.08383        34       640    0.1313    0.8792    0.2544    0.1275    0.0541  0.006576   0.03186
     4/249     3.51G    0.0496  0.008841   0.03165   0.09009        36       640    0.2712    0.8644    0.4236    0.2461   0.03681  0.007248   0.02937
     5/249     3.51G   0.04521  0.007997   0.02841   0.08161        42       640       0.3    0.8232    0.4947     0.287    0.0364   0.00695   0.02621
     6/249     3.51G   0.04221  0.007573   0.02452    0.0743        35       640    0.2628     0.894    0.6115    0.3605   0.03496  0.006104   0.01973
     7/249     3.51G   0.04183  0.007136   0.01868   0.06764        33       640    0.2654    0.8689    0.4936    0.2113    0.0528   0.00575    0.0135
     8/249     3.51G   0.04079  0.006887   0.01468   0.06236        37       640     0.444    0.9296    0.8047    0.5217   0.03199  0.005624  0.008804
     9/249     3.51G   0.03949  0.006673    0.0111   0.05726        33       640    0.5481    0.9012    0.8169    0.5508   0.03249  0.005882  0.006195
    10/249     3.51G   0.03727  0.006417   0.01035   0.05403        33       640    0.4627    0.9152    0.8449    0.5804    0.0322  0.005317  0.006317
    11/249     3.51G   0.03533   0.00622  0.007934   0.04949        25       640    0.5888    0.9156    0.8714    0.5998   0.03124  0.005108  0.003436
    12/249     3.51G   0.03406  0.006033  0.006664   0.04675        33       640     0.556     0.944    0.8685    0.6062   0.02885  0.005014  0.003656
    13/249     3.51G    0.0319   0.00575  0.005765   0.04342        39       640    0.5728      0.93    0.8813    0.6206   0.02734  0.004932  0.002954
    14/249     3.51G   0.03119  0.005762  0.005032   0.04198        29       640    0.6233    0.9269     0.894    0.6292   0.02968  0.004923  0.002791
    15/249     3.51G    0.0314  0.005867  0.004879   0.04215        37       640    0.6378    0.9396    0.9013    0.6449   0.02703  0.004688  0.003015
    16/249     3.51G   0.03028  0.005501  0.004468   0.04025        35       640    0.6691    0.9396    0.8855    0.6624   0.02725  0.004648  0.002581
    17/249     3.51G   0.02896  0.005473  0.003886   0.03832        43       640    0.6072    0.9359    0.9164    0.6847   0.02566  0.004708  0.002341
    18/249     3.51G    0.0282   0.00546  0.004556   0.03821        38       640    0.5713    0.9296    0.9047    0.6577   0.02672  0.004564  0.002397
    19/249     3.51G    0.0282  0.005504  0.003767   0.03747        34       640    0.6172    0.9522    0.8987    0.6788    0.0258   0.00462  0.001967
    20/249     3.51G   0.02775  0.005266  0.003291   0.03631        33       640    0.6076      0.94    0.9132    0.6781   0.02608  0.004633  0.002069
    21/249     3.51G   0.02763  0.005403  0.003512   0.03655        28       640    0.6221    0.9359    0.8982    0.6793   0.02491  0.004593  0.002286
    22/249     3.51G   0.02689  0.005138  0.003341   0.03537        30       640    0.6298    0.9373    0.9078    0.6807    0.0252  0.004524  0.002023
    23/249     3.51G   0.02567  0.005108  0.002861   0.03363        31       640    0.6403    0.9481    0.9168    0.6865   0.02597   0.00437  0.002097
    24/249     3.51G   0.02667  0.005126  0.003152   0.03495        39       640    0.6068    0.9481    0.9259     0.703   0.02556  0.004472  0.002007
    25/249     3.51G   0.02628  0.005114  0.002616   0.03401        34       640    0.5786    0.9441    0.9176    0.7094   0.02418  0.004358  0.001915
    26/249     3.51G    0.0266  0.005271  0.003194   0.03506        27       640    0.5697    0.9526    0.9177    0.6887   0.02419  0.004524  0.002016
    27/249     3.51G   0.02548  0.005046  0.002793   0.03332        30       640    0.6143    0.9381    0.9117    0.6942   0.02425  0.004425  0.001911
    28/249     3.51G   0.02547  0.004963  0.002404   0.03283        28       640    0.6468    0.9359    0.9149    0.6918    0.0241  0.004335  0.002214
    29/249     3.51G   0.02558  0.005032  0.002914   0.03352        28       640    0.5827    0.9522     0.923    0.6979    0.0242  0.004531  0.002328
    30/249     3.51G    0.0253  0.004978  0.003208   0.03348        37       640    0.6204     0.944    0.9208    0.6927   0.02347  0.004315  0.002631
    31/249     3.51G   0.02559  0.004898   0.00248   0.03296        37       640    0.5959    0.9495    0.9189    0.6931   0.02432   0.00437  0.002572
    32/249     3.51G   0.02516  0.005074  0.002815   0.03305        34       640    0.6302    0.9373    0.9126    0.7006   0.02349  0.004432  0.002444
    33/249     3.51G   0.02437  0.004865  0.002341   0.03157        35       640    0.6625    0.9518    0.9224    0.7042   0.02379  0.004237  0.002349
    34/249     3.51G   0.02491  0.004837  0.002362    0.0321        27       640     0.585    0.9255    0.9175    0.7113   0.02373  0.004435  0.002428
    35/249     3.51G   0.02445  0.004948  0.002264   0.03167        36       640    0.6476      0.94      0.92    0.7019    0.0235  0.004317   0.00248
    36/249     3.51G    0.0243  0.004903  0.002412   0.03162        37       640     0.646    0.9436    0.9268     0.715   0.02245  0.004263  0.002364
    37/249     3.51G   0.02304  0.004753  0.002057   0.02985        33       640    0.6185    0.9481    0.9198    0.7151   0.02275  0.004237  0.002204
    38/249     3.51G   0.02324  0.004694  0.001858   0.02979        37       640    0.6433    0.9391    0.9209    0.7141   0.02282  0.004156   0.00216
    39/249     3.51G   0.02357  0.004593  0.001797   0.02996        34       640    0.6403     0.954    0.9235    0.7084   0.02279  0.004196  0.002209
    40/249     3.51G   0.02286  0.004774  0.002089   0.02972        40       640     0.628    0.9455    0.9238    0.7232   0.02261  0.004196  0.002266
    41/249     3.51G   0.02285  0.004509  0.001769   0.02913        36       640    0.6256    0.9459    0.9247    0.7137   0.02231  0.004201  0.002071
    42/249     3.51G    0.0229   0.00467  0.002581   0.03015        31       640    0.6633    0.9333    0.9204    0.7127   0.02232  0.004176  0.002061
    43/249     3.51G   0.02287   0.00461  0.002134   0.02961        37       640     0.645    0.9422    0.9242    0.7187   0.02242  0.004227   0.00185
    44/249     3.51G   0.02328  0.004575  0.001914   0.02977        34       640    0.6262    0.9418    0.9197    0.7124   0.02287  0.004329  0.002362
    45/249     3.51G   0.02237  0.004411  0.002018    0.0288        34       640     0.642    0.9377    0.9236    0.7233   0.02234  0.004262  0.002138
    46/249     3.51G   0.02295  0.004562  0.001876   0.02939        28       640    0.6659    0.9414    0.9284    0.7125    0.0226  0.004305  0.001602
    47/249     3.51G   0.02225  0.004477  0.001836   0.02856        32       640    0.6729    0.9414    0.9313    0.7166   0.02273  0.004209  0.001571
    48/249     3.51G   0.02254  0.004535  0.002888   0.02997        37       640    0.5994    0.9455    0.9142    0.6957   0.02291  0.004583  0.002736
    49/249     3.51G   0.02313  0.004694  0.002137   0.02996        38       640    0.6173    0.9562    0.9289    0.7144    0.0229  0.004341  0.001799
    50/249     3.51G   0.02234  0.004598  0.002128   0.02907        31       640    0.6326    0.9485    0.9231    0.7148   0.02282  0.004284  0.001831
    51/249     3.51G   0.02155  0.004418  0.001796   0.02776        34       640    0.6473    0.9503    0.9243    0.7206    0.0223   0.00415  0.001859
    52/249     3.51G   0.02184  0.004511  0.001609   0.02796        37       640    0.6559    0.9318    0.9236    0.7266   0.02244  0.004066  0.001853
    53/249     3.51G   0.02172  0.004532   0.00167   0.02792        31       640    0.6055     0.944    0.9236    0.7152   0.02246  0.004235  0.002507
    54/249     3.51G   0.02219  0.004555  0.002009   0.02875        34       640    0.6664    0.9292    0.9221    0.7163   0.02216  0.004166  0.002112
    55/249     3.51G   0.02132  0.004318  0.001793   0.02743        37       640    0.6865    0.9459    0.9152    0.7169   0.02221  0.004226   0.00196
    56/249     3.51G    0.0222  0.004434  0.001756   0.02839        31       640    0.6205    0.9463    0.9251    0.7178   0.02201  0.004154  0.002129
    57/249     3.51G    0.0214  0.004396  0.002035   0.02783        29       640    0.6735    0.9459    0.9359    0.7283   0.02149   0.00409  0.001974
    58/249     3.51G    0.0216  0.004478  0.001452   0.02754        39       640     0.679    0.9337    0.9218    0.7143   0.02176  0.004185  0.002186
    59/249     3.51G    0.0205  0.004408  0.002079   0.02698        33       640    0.6291      0.94     0.921    0.7115   0.02229  0.004338  0.002081
    60/249     3.51G   0.02184   0.00438   0.00171   0.02793        28       640    0.6473    0.9288    0.9168    0.7259   0.02227  0.004304  0.001906
    61/249     3.51G   0.02094  0.004358   0.00152   0.02681        30       640    0.6431    0.9333    0.9176    0.7226   0.02229  0.004348  0.002097
    62/249     3.51G   0.02048    0.0043  0.001422    0.0262        30       640    0.6699    0.9391    0.9253     0.727   0.02188  0.004178  0.001991
    63/249     3.51G   0.02091  0.004386    0.0015    0.0268        36       640    0.6609    0.9436    0.9296    0.7307   0.02121  0.004126  0.001834
    64/249     3.51G   0.02138  0.004436  0.001494   0.02731        39       640    0.6538    0.9355    0.9271    0.7348   0.02094  0.004078  0.001878
    65/249     3.51G   0.02067  0.004321   0.00158   0.02657        32       640    0.6588    0.9373    0.9263    0.7289   0.02122  0.004112  0.002037
    66/249     3.51G    0.0205  0.004243  0.001172   0.02592        33       640    0.6824    0.9296    0.9154    0.7256   0.02115  0.004237   0.00183
    67/249     3.51G   0.02053  0.004287  0.001543   0.02635        33       640    0.6964    0.9503    0.9339    0.7286    0.0213  0.004095  0.001793
    68/249     3.51G   0.02059   0.00435  0.001731   0.02668        37       640    0.7016    0.9396    0.9304    0.7344   0.02131  0.004028  0.001662
    69/249     3.51G    0.0203  0.004215  0.001059   0.02558        35       640    0.6614      0.94    0.9221    0.7263   0.02225   0.00416  0.002601
    70/249     3.51G   0.02017  0.004426  0.001654   0.02625        26       640    0.6688    0.9355    0.9209    0.7218   0.02174  0.004206  0.002181
    71/249     3.51G   0.02047  0.004291  0.001918   0.02668        35       640    0.7043    0.9296    0.9193    0.7277   0.02161  0.004201  0.001715
    72/249     3.51G   0.01995  0.004263  0.001566   0.02578        35       640    0.6767    0.9314    0.9245    0.7316   0.02181  0.004188  0.001816
    73/249     3.51G   0.02026  0.004311    0.0015   0.02607        34       640    0.6751    0.9418    0.9299    0.7343   0.02176   0.00425  0.002045
    74/249     3.51G   0.02055  0.004189  0.001119   0.02585        38       640    0.6734    0.9314    0.9258    0.7334   0.02161  0.004246  0.002091
    75/249     3.51G   0.01972  0.004193  0.001396   0.02531        33       640    0.6641    0.9333    0.9187    0.7226    0.0214  0.004211  0.001913
    76/249     3.51G   0.01965  0.004132  0.001308   0.02509        35       640     0.674    0.9373    0.9215    0.7235    0.0216   0.00424  0.002594
    77/249     3.51G   0.02022   0.00423  0.001436   0.02589        31       640    0.6738    0.9193    0.9097    0.7219   0.02182  0.004271  0.001974
    78/249     3.51G   0.01989  0.004153   0.00161   0.02565        46       640     0.692    0.9414    0.9258    0.7344   0.02099  0.004134  0.001888
    79/249     3.51G   0.01977  0.004152  0.001511   0.02543        38       640    0.6697    0.9314    0.9267    0.7344   0.02128  0.004085  0.002152
    80/249     3.51G   0.01967  0.004094  0.001237     0.025        30       640    0.7023    0.9414    0.9307    0.7424   0.02119  0.004052  0.001808
    81/249     3.51G   0.01954  0.004067  0.001154   0.02476        35       640    0.6789    0.9418    0.9285    0.7327   0.02118  0.004122  0.001874
    82/249     3.51G   0.01956  0.004001  0.001419   0.02498        31       640    0.6598    0.9359    0.9287    0.7432   0.02071  0.004112  0.001536
    83/249     3.51G   0.01959  0.004192  0.001339   0.02513        38       640    0.6957    0.9396    0.9278    0.7325   0.02118  0.004139  0.001844
    84/249     3.51G   0.01936  0.004249  0.001307   0.02492        31       640     0.664    0.9337    0.9245    0.7344   0.02078  0.004069  0.001932
    85/249     3.51G   0.01923  0.004221  0.001394   0.02484        30       640    0.6783    0.9458    0.9265    0.7325   0.02081  0.004072  0.002404
    86/249     3.51G   0.01912  0.004213  0.001015   0.02435        38       640    0.6977    0.9314    0.9229    0.7338   0.02102  0.004038  0.001874
    87/249     3.51G   0.01863  0.004002 0.0008481   0.02348        36       640    0.6954    0.9355    0.9312    0.7384   0.02088  0.004107  0.001802
    88/249     3.51G   0.01885  0.003987  0.001303   0.02414        29       640    0.7113    0.9312    0.9223    0.7257   0.02166  0.004194  0.001774
    89/249     3.51G   0.01874  0.004057 0.0009818   0.02377        38       640    0.6951    0.9292    0.9244    0.7376   0.02107  0.004044  0.001962
    90/249     3.51G   0.01913  0.004281   0.00187   0.02528        35       640    0.6812    0.9233    0.9192    0.7272   0.02157  0.004124  0.001963
    91/249     3.51G    0.0192  0.004141  0.001119   0.02446        33       640    0.6973    0.9396    0.9269    0.7419   0.02115  0.004063  0.001802
    92/249     3.51G   0.01852  0.004139  0.001259   0.02392        32       640    0.6926    0.9314    0.9342    0.7408   0.02072  0.003954  0.001878
    93/249     3.51G   0.01846  0.004038  0.001411   0.02391        31       640    0.6835    0.9373    0.9251    0.7342   0.02149  0.004186  0.001787
    94/249     3.51G   0.01869  0.004052  0.001135   0.02387        43       640    0.6907    0.9459    0.9324    0.7371   0.02081   0.00404  0.001594
    95/249     3.51G   0.01858  0.004002 0.0008951   0.02348        37       640    0.6791    0.9418    0.9326      0.73    0.0206  0.004023  0.001599
    96/249     3.51G   0.01883  0.004064  0.001018   0.02391        36       640     0.681    0.9334    0.9274    0.7402   0.02093  0.004083  0.001758
    97/249     3.51G   0.01849  0.004083  0.001343   0.02392        30       640    0.6958    0.9333    0.9222     0.739   0.02141  0.004196  0.002286
    98/249     3.51G   0.01861  0.004028 0.0008924   0.02353        33       640    0.6848    0.9291    0.9261    0.7364   0.02116  0.004152  0.002218
    99/249     3.51G     0.018   0.00385 0.0009033   0.02275        33       640    0.6974    0.9269    0.9269    0.7457    0.0213  0.004057  0.002191
   100/249     3.51G   0.01824  0.003893 0.0009623   0.02309        38       640    0.7155    0.9463    0.9306    0.7429    0.0209  0.004072  0.001788
   101/249     3.51G   0.01797  0.003903 0.0009172   0.02278        38       640    0.6902    0.9368    0.9285    0.7401   0.02105  0.004087  0.001747
   102/249     3.51G   0.01798   0.00383 0.0009047   0.02272        42       640    0.7155    0.9242    0.9224    0.7444   0.02143  0.004135  0.001882
   103/249     3.51G   0.01819  0.003934   0.00095   0.02307        32       640    0.6944    0.9288    0.9259    0.7331   0.02137   0.00416  0.001779
   104/249     3.51G   0.01837  0.003989 0.0008757   0.02323        38       640    0.7161    0.9355    0.9272    0.7372   0.02117  0.004202  0.001738
   105/249     3.51G   0.01786  0.003819 0.0008224    0.0225        33       640    0.7022     0.944    0.9311    0.7385   0.02109  0.004037  0.001847
   106/249     3.51G   0.01799  0.003956 0.0008915   0.02284        37       640    0.7152    0.9355    0.9314    0.7398   0.02067  0.004098  0.001931
   107/249     3.51G   0.01795   0.00392  0.001024    0.0229        29       640    0.7209    0.9458    0.9296    0.7364   0.02071  0.004105  0.002082
   108/249     3.51G   0.01784  0.003959  0.001088   0.02289        41       640    0.7169    0.9333    0.9253    0.7394   0.02121  0.004152  0.002168
   109/249     3.51G    0.0174  0.003857  0.001049   0.02231        34       640    0.7077    0.9377    0.9218    0.7406   0.02089  0.004251   0.00211
   110/249     3.51G   0.01733  0.003774 0.0009452   0.02205        47       640    0.7105      0.94    0.9273    0.7438   0.02106  0.004205  0.002174
   111/249     3.51G   0.01806  0.003931 0.0008724   0.02286        37       640    0.7087    0.9247      0.93    0.7432   0.02102  0.004088  0.002167
   112/249     3.51G   0.01758  0.003892 0.0008932   0.02237        39       640     0.714     0.931    0.9311    0.7467   0.02086  0.004106  0.002505
   113/249     3.51G    0.0173  0.003757  0.001064   0.02213        38       640    0.7106    0.9351    0.9261    0.7432   0.02084  0.004143  0.002011
   114/249     3.51G   0.01751  0.003786 0.0008938   0.02219        36       640    0.6819    0.9233     0.921    0.7391   0.02131   0.00431  0.002187
   115/249     3.51G   0.01732  0.003905 0.0008854   0.02211        33       640    0.6878    0.9355    0.9265    0.7423   0.02065    0.0041  0.001761
   116/249     3.51G    0.0176   0.00383  0.001034   0.02247        32       640    0.6885    0.9247    0.9285    0.7402   0.02096  0.004074  0.001894
   117/249     3.51G   0.01736  0.003783  0.001041   0.02219        33       640    0.6908    0.9292    0.9272    0.7476    0.0207  0.003988  0.001714
   118/249     3.51G   0.01749  0.003783 0.0009573   0.02223        35       640    0.6977    0.9269     0.929    0.7464   0.02111   0.00403  0.002095
   119/249     3.51G    0.0173  0.003767  0.001038   0.02211        35       640    0.6937    0.9229    0.9234    0.7394   0.02145  0.004226  0.002351
   120/249     3.51G   0.01748  0.003894  0.001198   0.02257        34       640    0.6833    0.9333    0.9306    0.7508   0.02058  0.004058  0.002277
   121/249     3.51G   0.01722   0.00381 0.0008805   0.02191        34       640    0.6942    0.9292    0.9298     0.744    0.0211  0.004124  0.001982
   122/249     3.51G   0.01666  0.003757  0.001074   0.02149        24       640    0.6855    0.9306    0.9295    0.7407   0.02123  0.004096  0.002309
   123/249     3.51G   0.01697  0.003836  0.001046   0.02185        41       640    0.6941    0.9333    0.9289    0.7435   0.02123  0.004098  0.002244
   124/249     3.51G   0.01748  0.003776 0.0008839   0.02214        37       640    0.7076    0.9251    0.9282    0.7456   0.02064  0.004042   0.00208
   125/249     3.51G   0.01704  0.003835  0.000971   0.02184        40       640    0.6889    0.9333    0.9208    0.7419   0.02105  0.004149  0.002281
   126/249     3.51G   0.01665  0.003769  0.001249   0.02167        35       640    0.7274    0.9333    0.9276    0.7387   0.02102  0.004179  0.001818
   127/249     3.51G   0.01655  0.003705 0.0009595   0.02122        36       640    0.7209    0.9314    0.9319    0.7444   0.02101  0.004192  0.001733
   128/249     3.51G    0.0168  0.003798 0.0008701   0.02147        37       640    0.7208    0.9395    0.9342    0.7452   0.02072  0.004104  0.001889
   129/249     3.51G   0.01619  0.003735 0.0006732    0.0206        41       640    0.6995     0.944    0.9365    0.7419   0.02066  0.004054  0.001829
   130/249     3.51G   0.01679  0.003899  0.000861   0.02155        33       640    0.7105    0.9395    0.9326    0.7477    0.0205  0.004002  0.001874
   131/249     3.51G   0.01621  0.003617 0.0007911   0.02061        36       640    0.7129     0.943    0.9341    0.7453   0.02061  0.004015  0.001784
   132/249     3.51G   0.01639  0.003736 0.0007442   0.02087        32       640    0.7358    0.9355    0.9306    0.7457   0.02103  0.004025  0.002138
   133/249     3.51G   0.01606  0.003653 0.0008651   0.02058        35       640    0.7331      0.95    0.9369    0.7413   0.02094  0.004049  0.001674
   134/249     3.51G   0.01651  0.003562 0.0006606   0.02073        35       640    0.7247    0.9301    0.9265    0.7445   0.02085  0.004096  0.001766
   135/249     3.51G   0.01635  0.003598 0.0009615   0.02091        34       640    0.7004    0.9336    0.9283    0.7429   0.02029  0.004064  0.001879
   136/249     3.51G   0.01572  0.003571 0.0007911   0.02008        30       640    0.7086    0.9255    0.9299    0.7409   0.02039  0.004049  0.001911
   137/249     3.51G   0.01626  0.003511  0.000965   0.02074        41       640    0.7031    0.9251    0.9305    0.7467   0.02071  0.004055  0.001679
   138/249     3.51G    0.0163  0.003749 0.0009316   0.02098        32       640    0.7199    0.9396    0.9366     0.742   0.02071  0.004015  0.001844
   139/249     3.51G   0.01612  0.003684 0.0009161   0.02072        36       640    0.7025    0.9355    0.9335    0.7456   0.02082  0.004086  0.001842
   140/249     3.51G   0.01568  0.003614 0.0007156   0.02001        35       640    0.6985    0.9355    0.9273    0.7452   0.02079  0.004118  0.001724
   141/249     3.51G   0.01621  0.003683  0.000741   0.02063        36       640    0.6897    0.9377    0.9294    0.7467   0.02068    0.0041   0.00181
   142/249     3.51G   0.01601  0.003552 0.0008873   0.02045        31       640     0.685    0.9274    0.9265    0.7459   0.02096  0.004157  0.002297
   143/249     3.51G   0.01562  0.003541 0.0005797   0.01974        34       640    0.7057    0.9355    0.9267    0.7376   0.02089  0.004135    0.0023
   144/249     3.51G   0.01628  0.003575 0.0006578   0.02051        35       640    0.6987    0.9422    0.9303    0.7414   0.02065  0.004084  0.002114
   145/249     3.51G   0.01565  0.003572 0.0006096   0.01983        37       640    0.7197    0.9355     0.934     0.746   0.02078  0.004086  0.002084
   146/249     3.51G   0.01627  0.003675 0.0005097   0.02045        37       640     0.717    0.9333    0.9338    0.7501   0.02092  0.004107   0.00201
   147/249     3.51G   0.01528  0.003537 0.0008595   0.01968        35       640    0.7058    0.9247    0.9327    0.7521   0.02084  0.004124  0.002246
   148/249     3.51G   0.01521  0.003499 0.0006565   0.01937        33       640     0.719    0.9381    0.9323    0.7445   0.02059  0.004023  0.002116
   149/249     3.51G   0.01581  0.003603 0.0006907   0.02011        32       640     0.719    0.9341    0.9273    0.7425   0.02025  0.003985  0.001789
   150/249     3.51G   0.01558  0.003586 0.0006734   0.01984        29       640    0.7137    0.9337    0.9301    0.7498   0.02015  0.004032  0.001864
   151/249     3.51G   0.01533  0.003536 0.0006492   0.01951        35       640    0.7088    0.9318    0.9321    0.7486   0.02036   0.00408  0.002014
   152/249     3.51G   0.01575  0.003563 0.0007935   0.02011        39       640    0.7219      0.94    0.9368    0.7512   0.02043  0.004105  0.002096
   153/249     3.51G   0.01534  0.003513 0.0006582   0.01951        32       640    0.7197    0.9372    0.9288    0.7493   0.02054  0.004099  0.002009
   154/249     3.51G   0.01548  0.003577 0.0006564   0.01971        43       640    0.7071    0.9396    0.9313     0.748    0.0205  0.004151  0.002049
   155/249     3.51G   0.01549  0.003633 0.0007045   0.01983        28       640     0.701    0.9292    0.9291    0.7444   0.02089  0.004177  0.002047
   156/249     3.51G   0.01518  0.003465 0.0006471    0.0193        32       640    0.7027    0.9233    0.9267    0.7523   0.02085  0.004143  0.002193
   157/249     3.51G    0.0151  0.003492 0.0005881   0.01918        36       640    0.6874    0.9211    0.9265    0.7482   0.02062  0.004086  0.002079
   158/249     3.51G   0.01482  0.003407 0.0008062   0.01904        27       640    0.7055    0.9359    0.9334    0.7472   0.02053  0.004045  0.001949
   159/249     3.51G   0.01479  0.003422 0.0006952   0.01891        35       640    0.7044    0.9359    0.9324    0.7476    0.0207  0.004058  0.001963
   160/249     3.51G   0.01473  0.003417  0.000603   0.01875        33       640    0.6962    0.9318     0.931    0.7499   0.02079  0.004057  0.001934
   161/249     3.51G   0.01485  0.003409 0.0006014   0.01886        31       640    0.7139    0.9314    0.9295    0.7489   0.02071  0.004108  0.001881
   162/249     3.51G   0.01498  0.003456 0.0006834   0.01912        28       640    0.7001    0.9314    0.9309    0.7527   0.02072  0.004106  0.001806
   163/249     3.51G   0.01474  0.003414 0.0006634   0.01882        38       640    0.7104    0.9318    0.9311    0.7517   0.02072  0.004112  0.001813
   164/249     3.51G    0.0147  0.003309 0.0004847    0.0185        36       640    0.7199    0.9333    0.9332    0.7489   0.02091  0.004122  0.001859
   165/249     3.51G   0.01488  0.003505  0.000783   0.01917        38       640    0.7243    0.9323    0.9316    0.7447   0.02066  0.004117  0.001892
   166/249     3.51G   0.01457   0.00335 0.0005382   0.01846        35       640    0.7273    0.9251    0.9307    0.7421   0.02076  0.004106  0.002188
   167/249     3.51G   0.01477  0.003375 0.0004361   0.01858        32       640    0.7119    0.9269    0.9317    0.7498     0.021  0.004132   0.00238
   168/249     3.51G   0.01507   0.00351 0.0007555   0.01934        31       640    0.7094    0.9229    0.9313    0.7527   0.02103  0.004132  0.002162
   169/249     3.51G   0.01447  0.003376 0.0005831   0.01843        34       640    0.7022     0.931    0.9322    0.7482   0.02111  0.004126  0.002011
   170/249     3.51G   0.01448  0.003339 0.0005548   0.01837        26       640    0.7085    0.9269    0.9288    0.7443   0.02126  0.004142  0.001916
   171/249     3.51G   0.01496    0.0034 0.0005751   0.01894        36       640    0.7055    0.9292    0.9265    0.7395    0.0213  0.004144  0.001927
   172/249     3.51G   0.01453  0.003369 0.0005833   0.01848        28       640    0.7079    0.9333    0.9287    0.7404   0.02122  0.004126  0.001837
   173/249     3.51G    0.0147  0.003303  0.000582   0.01858        28       640    0.7093     0.933     0.932    0.7466   0.02106  0.004077  0.001775
   174/249     3.51G   0.01417  0.003299 0.0005002   0.01797        39       640    0.7066    0.9269    0.9314    0.7501   0.02092  0.004072  0.001656
   175/249     3.51G   0.01455  0.003347 0.0005509   0.01845        32       640     0.713    0.9295    0.9283    0.7474   0.02072  0.004113  0.001628
   176/249     3.51G   0.01411  0.003313 0.0007592   0.01819        33       640    0.7222     0.931    0.9292    0.7474   0.02081  0.004122  0.001691
   177/249     3.51G   0.01451  0.003329 0.0005062   0.01835        29       640    0.7206    0.9269    0.9275    0.7523   0.02078  0.004098  0.001835
   178/249     3.51G   0.01448  0.003336 0.0005718   0.01839        35       640    0.7189    0.9269    0.9288    0.7525   0.02067   0.00408  0.001831
   179/249     3.51G   0.01418  0.003254 0.0003784   0.01781        29       640    0.7285     0.931     0.931    0.7508   0.02064  0.004113  0.001745
   180/249     3.51G   0.01443  0.003361 0.0004455   0.01824        34       640    0.7209    0.9269    0.9295    0.7505   0.02086  0.004162  0.001777
   181/249     3.51G   0.01389  0.003274 0.0007655   0.01793        25       640    0.7196    0.9232    0.9281    0.7499   0.02102  0.004204  0.001879
   182/249     3.51G   0.01436  0.003315 0.0007265    0.0184        33       640    0.7194    0.9278    0.9269    0.7497   0.02101  0.004171  0.001889
   183/249     3.51G     0.014  0.003289  0.000688   0.01798        33       640    0.7206    0.9274    0.9265    0.7487   0.02114  0.004187  0.001978
   184/249     3.51G    0.0142  0.003181 0.0005055   0.01789        34       640    0.7286    0.9327    0.9299    0.7484   0.02124  0.004196   0.00205
   185/249     3.51G    0.0141   0.00327 0.0004406   0.01781        40       640    0.7416    0.9314    0.9292    0.7443   0.02138  0.004189  0.002122
   186/249     3.51G   0.01403  0.003182 0.0004742   0.01768        33       640    0.7388    0.9285     0.926    0.7442   0.02147  0.004163  0.002334
   187/249     3.51G   0.01387  0.003234 0.0004294   0.01753        22       640    0.7227    0.9251    0.9235    0.7465    0.0214  0.004171  0.002385
   188/249     3.51G   0.01372  0.003263 0.0004464   0.01743        41       640    0.7253    0.9251    0.9251    0.7466   0.02137  0.004216  0.002275
   189/249     3.51G   0.01367  0.003242 0.0003707   0.01728        33       640    0.7303    0.9273    0.9263    0.7476   0.02131    0.0042  0.002254
   190/249     3.51G   0.01386  0.003317 0.0005112   0.01769        32       640     0.722    0.9273    0.9265    0.7473   0.02127   0.00421  0.002139
   191/249     3.51G   0.01399  0.003336 0.0005215   0.01784        42       640    0.7215    0.9314    0.9299    0.7457   0.02131  0.004284  0.002421
   192/249     3.51G   0.01368  0.003219 0.0003638   0.01727        35       640    0.7229    0.9355    0.9314    0.7479   0.02115  0.004253  0.002371
   193/249     3.51G   0.01374  0.003233 0.0005014   0.01748        35       640    0.7182    0.9273    0.9295    0.7424   0.02115  0.004268   0.00218
   194/249     3.51G   0.01365  0.003242 0.0004403   0.01734        34       640    0.7065    0.9214    0.9284    0.7406   0.02108  0.004271  0.002144
   195/249     3.51G   0.01364  0.003268  0.000476   0.01738        32       640    0.7045    0.9255    0.9287    0.7437   0.02107  0.004289   0.00185
   196/249     3.51G   0.01353  0.003243 0.0003655   0.01714        37       640    0.7081    0.9312    0.9297    0.7448     0.021  0.004278  0.001813
   197/249     3.51G   0.01343  0.003136 0.0003411   0.01691        39       640    0.7178    0.9318    0.9309    0.7491   0.02085  0.004272  0.001841
   198/249     3.51G    0.0137  0.003349 0.0004711   0.01752        31       640    0.7191    0.9318    0.9267    0.7475   0.02081  0.004265  0.001889
   199/249     3.51G    0.0133  0.003197 0.0003917   0.01689        29       640    0.7116    0.9274    0.9257    0.7476   0.02079   0.00425  0.001909
   200/249     3.51G   0.01347  0.003287 0.0003678   0.01712        35       640    0.7131    0.9251     0.926    0.7482   0.02093  0.004248  0.001949
   201/249     3.51G   0.01376  0.003219  0.000407   0.01739        34       640    0.7195    0.9251    0.9261    0.7436   0.02107  0.004256  0.002004
   202/249     3.51G   0.01364  0.003122 0.0005995   0.01736        32       640    0.7195    0.9251    0.9256    0.7453   0.02106  0.004257  0.002049
   203/249     3.51G   0.01337  0.003192 0.0004754   0.01703        33       640    0.7187    0.9274    0.9258    0.7419   0.02103   0.00425  0.002037
   204/249     3.51G   0.01367  0.003222 0.0003763   0.01727        36       640    0.7214    0.9255    0.9265    0.7454   0.02104  0.004228  0.002053
   205/249     3.51G    0.0133  0.003155 0.0003784   0.01683        35       640    0.7227    0.9233    0.9266     0.749   0.02101  0.004226  0.002096
   206/249     3.51G   0.01306  0.003133 0.0003722   0.01657        39       640    0.7219    0.9274     0.928    0.7493   0.02107  0.004216  0.002105
   207/249     3.51G   0.01305  0.003155 0.0004481   0.01666        37       640    0.7176    0.9274     0.929    0.7485   0.02109  0.004222  0.002116
   208/249     3.51G   0.01319  0.003066 0.0004712   0.01673        34       640    0.7252    0.9233    0.9285    0.7516   0.02103  0.004246  0.002126
   209/249     3.51G    0.0133  0.003159 0.0004659   0.01693        37       640    0.7287    0.9233    0.9282    0.7528   0.02102  0.004275  0.002099
   210/249     3.51G    0.0129  0.003041 0.0003506   0.01629        36       640    0.7376    0.9251    0.9283    0.7523   0.02103  0.004293  0.002095
   211/249     3.51G   0.01338  0.003124 0.0005157   0.01702        38       640     0.734    0.9251    0.9291    0.7507   0.02108  0.004305  0.002125
   212/249     3.51G   0.01346  0.003238 0.0004933    0.0172        31       640    0.7307    0.9251    0.9303    0.7461    0.0211  0.004307  0.002126
   213/249     3.51G   0.01325  0.003182 0.0004921   0.01693        31       640    0.7203    0.9274    0.9302    0.7465   0.02101  0.004306  0.002113
   214/249     3.51G   0.01302  0.003131 0.0003795   0.01653        37       640    0.7267    0.9251    0.9305     0.745   0.02096  0.004285  0.002126
   215/249     3.51G   0.01298   0.00308 0.0003976   0.01646        33       640    0.7191    0.9229    0.9305    0.7443   0.02096  0.004294  0.002119
   216/249     3.51G   0.01316  0.003086 0.0004328   0.01668        34       640    0.7209    0.9355     0.934    0.7488   0.02087  0.004273  0.002105
   217/249     3.51G   0.01299  0.003079 0.0004538   0.01652        34       640    0.7207    0.9333    0.9339    0.7447   0.02082  0.004251  0.002093
   218/249     3.51G   0.01313  0.003063  0.000476   0.01667        35       640    0.7294    0.9333    0.9336    0.7469   0.02082  0.004265  0.002086
   219/249     3.51G   0.01305  0.003117 0.0003982   0.01657        29       640    0.7259    0.9333    0.9327    0.7474   0.02088  0.004299  0.002088
   220/249     3.51G   0.01344   0.00305 0.0003736   0.01686        35       640    0.7168    0.9333    0.9327    0.7499   0.02083  0.004276  0.002077
   221/249     3.51G   0.01333  0.003198 0.0004426   0.01697        33       640      0.71    0.9292    0.9325    0.7457   0.02078  0.004273  0.002047
   222/249     3.51G   0.01258  0.003045  0.000499   0.01612        30       640    0.7133    0.9269    0.9321    0.7475   0.02079  0.004287  0.002042
   223/249     3.51G   0.01282     0.003 0.0004164   0.01623        37       640    0.7147    0.9241    0.9287     0.748   0.02079  0.004281  0.002006
   224/249     3.51G     0.013  0.003093 0.0005685   0.01666        33       640    0.7138    0.9211    0.9284    0.7491   0.02084  0.004292  0.002013
   225/249     3.51G   0.01287  0.003111 0.0004315   0.01641        39       640    0.7087    0.9225    0.9304    0.7486   0.02085  0.004287  0.002016
   226/249     3.51G   0.01265  0.002992 0.0003845   0.01603        30       640    0.7125    0.9211    0.9307    0.7484    0.0209  0.004294   0.00201
   227/249     3.51G   0.01284  0.003036 0.0004097   0.01629        36       640    0.7184     0.917     0.928      0.75    0.0209  0.004302  0.002007
   228/249     3.51G   0.01271  0.003059 0.0004074   0.01618        39       640    0.7197    0.9211    0.9275    0.7475   0.02098  0.004318  0.002021
   229/249     3.51G    0.0127  0.003003 0.0003924   0.01609        43       640    0.7213    0.9211    0.9275    0.7463     0.021  0.004317  0.002034
   230/249     3.51G   0.01246  0.003049 0.0002933    0.0158        33       640    0.7266    0.9208    0.9271    0.7449   0.02097   0.00431  0.002063
   231/249     3.51G   0.01264  0.003032 0.0002551   0.01593        30       640    0.7276    0.9211    0.9272    0.7446   0.02094  0.004314  0.002064
   232/249     3.51G    0.0127  0.003065 0.0003367    0.0161        34       640    0.7311     0.917    0.9251    0.7456   0.02091  0.004315   0.00206
   233/249     3.51G   0.01267  0.003012 0.0003235     0.016        40       640     0.731     0.917    0.9253    0.7478   0.02093  0.004321  0.002059
   234/249     3.51G   0.01238  0.003097 0.0005076   0.01598        30       640    0.7377     0.917    0.9252    0.7439   0.02092  0.004334  0.002049
   235/249     3.51G   0.01236  0.002937 0.0003854   0.01568        31       640    0.7322    0.9211    0.9285    0.7472   0.02087  0.004331   0.00203
   236/249     3.51G   0.01285  0.003071 0.0004267   0.01635        29       640    0.7306    0.9211    0.9289    0.7489   0.02085  0.004338  0.002003
   237/249     3.51G   0.01243  0.003023 0.0003758   0.01583        33       640    0.7328    0.9211     0.929     0.749   0.02081  0.004327  0.001999
   238/249     3.51G   0.01294  0.003052 0.0003237   0.01631        35       640      0.73    0.9211    0.9295    0.7509   0.02081  0.004341  0.002007
   239/249     3.51G   0.01252  0.003028 0.0003479   0.01589        34       640    0.7314    0.9211    0.9292    0.7484   0.02086   0.00435  0.002039
   240/249     3.51G   0.01253  0.003023 0.0003506    0.0159        32       640    0.7286    0.9211    0.9274    0.7464   0.02086  0.004356  0.002054
   241/249     3.51G   0.01249     0.003  0.000292   0.01578        36       640     0.729    0.9211    0.9306    0.7459   0.02088  0.004356  0.002069
   242/249     3.51G   0.01243  0.003039 0.0002688   0.01574        33       640    0.7302    0.9211    0.9307    0.7472    0.0209  0.004353  0.002081
   243/249     3.51G   0.01267  0.002992 0.0003711   0.01603        37       640    0.7313    0.9211    0.9309    0.7487   0.02091  0.004348  0.002103
   244/249     3.51G   0.01262  0.002961 0.0003267   0.01591        33       640    0.7354    0.9234    0.9309    0.7504   0.02093  0.004349  0.002108
   245/249     3.51G   0.01277  0.003071   0.00031   0.01615        36       640    0.7369    0.9251    0.9311    0.7501   0.02095  0.004349  0.002104
   246/249     3.51G   0.01239  0.003059  0.000289   0.01574        39       640     0.736    0.9251    0.9311    0.7489   0.02098  0.004357   0.00212
   247/249     3.51G   0.01255   0.00303 0.0005205    0.0161        41       640    0.7344    0.9251     0.931    0.7506   0.02098   0.00436  0.002122
   248/249     3.51G   0.01227  0.002971 0.0004941   0.01574        35       640    0.7386    0.9251     0.931    0.7501   0.02098  0.004363  0.002114
   249/249     3.51G   0.01235  0.002959 0.0003424   0.01565        40       640    0.7327    0.9211    0.9304    0.7505   0.02098  0.004378  0.002118
